[1mdiff --git a/MyWorld.java b/MyWorld.java[m
[1mindex 3c236ea..289c1f6 100644[m
[1m--- a/MyWorld.java[m
[1m+++ b/MyWorld.java[m
[36m@@ -1,4 +1,3 @@[m
[31m-[m
 import greenfoot.*;  // (World, Actor, GreenfootImage, Greenfoot and MouseInfo)[m
 [m
 /**[m
[36m@@ -19,21 +18,21 @@[m [mpublic class MyWorld extends World {[m
         this.setBackground("bg.png");[m
 [m
         int[][] map = {[m
[31m-            {-1, -1, -1, -1, -1, -1, -1, -1, -1, -1, -1, -1, -1, -1, -1, -1, -1, -1, -1, -1, -1, -1, -1, -1, -1, -1, -1, -1, -1, -1, -1, -1, -1, -1, -1, -1, -1, -1, -1, -1, -1, -1, -1, -1, -1, -1, -1, -1, -1, -1, -1, -1, -1, -1, -1, -1, -1},[m
[31m-            {-1, -1, -1, -1, -1, -1, -1, -1, -1, -1, -1, -1, -1, -1, -1, -1, -1, -1, -1, -1, -1, -1, -1, -1, -1, -1, -1, -1, -1, -1, -1, -1, -1, -1, -1, -1, -1, -1, -1, -1, -1, -1, -1, -1, -1, -1, -1, -1, -1, -1, -1, -1, -1, -1, -1, -1, -1},[m
[31m-            {-1, -1, -1, -1, -1, -1, -1, -1, -1, -1, -1, -1, -1, -1, -1, -1, -1, -1, -1, -1, -1, -1, -1, -1, -1, -1, -1, -1, -1, -1, -1, -1, -1, -1, -1, -1, -1, -1, -1, -1, -1, -1, -1, -1, -1, -1, -1, -1, -1, -1, -1, -1, -1, -1, -1, -1, -1},[m
[31m-            {-1, -1, -1, -1, -1, -1, -1, -1, -1, -1, -1, -1, -1, -1, -1, 2, -1, -1, -1, -1, -1, -1, -1, -1, -1, -1, -1, -1, -1, -1, -1, -1, -1, -1, -1, -1, -1, -1, -1, -1, -1, 3, -1, -1, 12, -1, -1, -1, -1, -1, -1, -1, -1, -1, -1, -1, -1},[m
[31m-            {-1, -1, -1, -1, -1, -1, -1, -1, -1, -1, -1, -1, -1, -1, -1, -1, -1, -1, -1, -1, -1, -1, -1, -1, -1, 4, -1, -1, 7, 8, 9, 5, 5, 5, 5, 5, 5, 5, 5, 7, 8, 8, 8, 8, 8, -1, -1, -1, -1, -1, -1, -1, -1, -1, -1, -1, -1},[m
[31m-            {-1, -1, -1, -1, -1, -1, -1, -1, -1, -1, -1, -1, -1, -1, -1, -1, -1, -1, -1, -1, -1, -1, -1, -1, -1, -1, -1, -1, -1, 1, -1, -1, -1, -1, -1, -1, -1, -1, -1, -1, -1, -1, -1, -1, 6, -1, -1, -1, -1, -1, -1, -1, -1, -1, -1, -1, -1},[m
[31m-            {-1, -1, 8, 8, 8, 8, -1, -1, -1, -1, -1, 14, -1, -1, 7, 8, 9, -1, -1, -1, -1, -1, -1, -1, -1, -1, -1, -1, 1, 0, -1, -1, -1, -1, -1, -1, -1, -1, -1, -1, -1, -1, -1, -1, 6, -1, -1, -1, -1, -1, -1, -1, -1, -1, -1, -1, -1},[m
[31m-            {-1, -1, 6, 6, 6, 6, -1, -1, -1, -1, 7, 8, 9, -1, -1, -1, -1, -1, -1, -1, -1, -1, -1, -1, 7, 8, 8, 8, 8, 9, -1, -1, -1, -1, -1, -1, -1, -1, -1, -1, -1, -1, -1, -1, 6, -1, 2, -1, -1, -1, -1, -1, -1, -1, -1, -1, -1},[m
[31m-            {-1, -1, 6, 6, 6, 6, -1, -1, -1, -1, -1, -1, -1, -1, -1, -1, -1, -1, 7, 8, 9, -1, -1, -1, -1, -1, -1, -1, -1, -1, -1, -1, -1, -1, -1, -1, -1, -1, -1, -1, -1, -1, -1, 7, 6, -1, -1, -1, -1, -1, -1, -1, -1, -1, -1, -1, -1},[m
[31m-            {11, 11, 6, 6, 6, 6, 11, 11, 11, 11, 11, 11, 11, 11, 11, 11, 11, 11, 11, 11, 11, 11, 11, 11, 11, 11, 11, 11, 11, 11, 11, 11, 11, 11, 11, 11, 11, 11, 11, 11, 11, 11, 11, 11, 6, -1, -1, -1, -1, -1, -1, -1, -1, -1, -1, -1, -1},[m
[31m-            {10, 10, 6, 6, 6, 6, 10, 10, 10, 10, 10, 10, 10, 10, 10, 10, 10, 10, 10, 10, 10, 10, 10, 10, 10, 10, 10, 10, 10, 10, 10, 10, 10, 10, 10, 10, 10, 10, 10, 10, 10, 10, 10, 10, 6, 8, 8, 9, 11, 11, 11, 11, 11, 11, 11, 11, 11},[m
[31m-            {10, 10, 6, 6, 6, 6, 10, 10, 10, 10, 10, 10, 10, 10, 10, 10, 10, 10, 10, 10, 10, 10, 10, 10, 10, 10, 10, 10, 10, 10, 10, 10, 10, 10, 10, 10, 10, 10, 10, 10, 10, 10, 10, 10, 10, 10, 10, 10, 10, 10, 10, 10, 10, 10, 10, 10, 10},[m
[31m-            {10, 10, 6, 6, 6, 6, 10, 10, 10, 10, 10, 10, 10, 10, 10, 10, 10, 10, 10, 10, 10, 10, 10, 10, 10, 10, 10, 10, 10, 10, 10, 10, 10, 10, 10, 10, 10, 10, 10, 10, 10, 10, 10, 10, 10, 10, 10, 10, 10, 10, 10, 10, 10, 10, 10, 10, 10},[m
[31m-            {10, 10, 6, 6, 6, 6, 10, 10, 10, 10, 10, 10, 10, 10, 10, 10, 10, 10, 10, 10, 10, 10, 10, 10, 10, 10, 10, 10, 10, 10, 10, 10, 10, 10, 10, 10, 10, 10, 10, 10, 10, 10, 10, 10, 10, 10, 10, 10, 10, 10, 10, 10, 10, 10, 10, 10, 10},[m
[31m-            {10, 10, 6, 6, 6, 6, 10, 10, 10, 10, 10, 10, 10, 10, 10, 10, 10, 10, 10, 10, 10, 10, 10, 10, 10, 10, 10, 10, 10, 10, 10, 10, 10, 10, 10, 10, 10, 10, 10, 10, 10, 10, 10, 10, 10, 10, 10, 10, 10, 10, 10, 10, 10, 10, 10, 10, 10},[m
[32m+[m[32m             {0,0,0,0,0,0,0,0,0,0,0,0,0,0,0,0,0},[m
[32m+[m[32m             {0,0,0,0,0,0,0,0,0,0,0,0,0,0,0,0,0},[m
[32m+[m[32m             {0,0,0,0,0,0,0,0,0,0,0,0,0,0,0,0,0},[m
[32m+[m[32m             {0,0,0,0,0,0,0,0,0,0,0,0,0,0,0,0,0},[m
[32m+[m[32m             {0,0,0,0,0,0,0,0,0,0,0,0,0,0,0,0,0},[m
[32m+[m[32m             {0,0,0,0,0,0,0,0,0,0,0,0,0,0,0,0,0},[m
[32m+[m[32m             {0,0,0,0,0,0,0,0,0,0,0,0,0,0,0,0,0},[m
[32m+[m[32m             {0,0,0,0,0,0,0,0,0,0,0,0,0,0,0,0,0},[m
[32m+[m[32m             {0,0,0,0,0,0,0,0,0,0,0,0,0,0,0,0,0},[m
[32m+[m[32m             {24,24,24,24,24,24,24,24,24,24,24,24,24,24,24,24,24},[m
[32m+[m[32m             {7,7,7,7,7,7,7,7,7,7,7,7,7,7,7,7,7},[m
[32m+[m[32m             {7,7,7,7,7,7,7,7,7,7,7,7,7,7,7,7,7},[m
[32m+[m[32m             {7,7,7,7,7,7,7,7,7,7,7,7,7,7,7,7,7},[m
[32m+[m[32m             {7,7,7,7,7,7,7,7,7,7,7,7,7,7,7,7,7},[m
[32m+[m[41m          [m
         };[m
 [m
         // Declareren en initialiseren van de TileEngine klasse om de map aan de world toe te voegen[m
[36m@@ -50,8 +49,10 @@[m [mpublic class MyWorld extends World {[m
 [m
         // Alle objecten toevoegen aan de wereld: camera, main karakter en mogelijke enemies[m
         addObject(camera, 0, 0);[m
[31m-        addObject(hero, 300, 200);[m
[32m+[m[32m        addObject(hero, 500, 100);[m
         addObject(new Enemy(), 1170, 410);[m
[32m+[m[32m        camera.act();[m
[32m+[m[41m        [m
         [m
         // Initialiseren van de CollisionEngine zodat de speler niet door de tile heen kan lopen.[m
         // De collision engine kijkt alleen naar de tiles die de variabele solid op true hebben staan.[m
